2
0
7
12
12
19
24
32
36
36
40
45
48
56
62
60
64
62
66
70
77
86
84
82
88
95
103
104
102
111
119
125
132
138
142
144
148
155
161
168
176
176
182
182
190
191
191
197
199
205
209
211
216
222
224
230
239
237
245
251
257
262
269
275
275
284
291
292
295
304
309
318
325
326
335
337
338
346
351
357
359
357
361
369
370
370
379
381
386
389
398
397
398
402
408
417
418
421
423
422
422
424
432
433
438
437
445
444
448
454
458
461
469
477
486
487
495
497
506
514
522
523
532
536
542
540
549
557
559
559
560
562
570
569
573
575
583
581
582
581
588
592
595
597
603
611
618
619
623
627
631
634
637
637
635
634
633
633
637
640
640
643
648
654
660
662
666
672
671
680
682
686
690
697
703
707
706
714
721
724
733
732
737
737
740
749
756
765
772
775
783
781
780
788
795
804
803
803
808
817
823
829
837
835
842
843
852
852
851
850
858
861
861
870
875
873
872
870
875
876
884
882
885
892
895
896
898
905
904
911
915
914
923
928
937
946
945
950
958
959
968
966
972
974
979
978
983
989
995
1003
1008
1012
1012
1021
1028
1030
1029
1027
1031
1034
1041
1049
1048
1055
1056
1064
1072
1070
1071
1077
1084
1083
1092
1096
1103
1104
1108
1111
1109
1111
1110
1113
1119
1125
1126
1126
1125
1123
1126
1133
1134
1132
1139
1146
1146
1151
1155
1155
1163
1171
1177
1182
1183
1188
1191
1198
1202
1201
1203
1202
1204
1213
1215
1218
1220
1223
1226
1225
1233
1236
1243
1245
1251
1250
1259
1266
1275
1283
1292
1293
1291
1294
1293
1300
1298
1301
1302
1307
1313
1319
1324
1322
1326
1325
1328
1334
1340
1346
1353
1361
1360
1364
1364
1367
1373
1372
1381
1390
1392
1399
1407
1406
1410
1415
1417
1420
1429
1434
1443
1443
1452
1452
1460
1459
1468
1470
1470
1478
1484
1493
1496
1503
1505
1512
1517
1523
1524
1529
1537
1537
1542
1544
1542
1551
1555
1558
1562
1567
1571
1573
1579
1586
1594
1597
1598
1606
1607
1611
1609
1607
1611
1620
1626
1626
1628
1632
1637
1642
1641
1642
1647
1646
1644
1646
1645
1644
1646
1647
1645
1647
1651
1660
1663
1666
1666
1675
1673
1672
1677
1686
1687
1687
1691
1692
1701
1709
1716
1721
1724
1730
1734
1738
1738
1737
1744
1747
1751
1752
1760
1764
1770
1779
1777
1781
1790
1791
1791
1789
1798
1798
1807
1805
1803
1804
1813
1811
1811
1816
1817
1820
1825
1832
1833
1831
1830
1834
1833
1840
1848
1847
1856
1865
1870
1872
1870
1877
1881
1887
1885
1894
1901
1903
1910
1916
1917
1917
1918
1925
1929
1931
1935
1935
1938
1947
1956
1954
1954
1961
1963
1969
1978
1986
1989
1988
1993
1998
2001
2006
2012
2015
2014
2020
2023
2025
2027
2026
2026
2026
2031
2033
2034
2037
2036
2044
2052
2053
2057
2064
2066
2072
2070
2075
2078
2082
2082
2086
2088
2093
2096
2102
2103
2110
2110
2115
2120
2118
2120
2119
2126
2131
2138
2144
2148
2151
2158
2160
2168
2167
2166
2165
2163
2161
2170
2174
2174
2182
2186
2185
2188
2187
2189
2197
2201
2206
2209
2216
2219
2226
2224
2226
2232
2236
2242
2242
2243
2246
2244
2246
2249
2252
2250
2248
2246
2253
2251
2252
2260
2259
2265
2274
2276
2274
2281
2286
2295
2293
2296
2305
2311
2317
2316
2324
2326
2324
2324
2329
2332
2336
2344
2345
2352
2359
2360
2364
2362
2368
2377
2375
2376
2382
2390
2392
2394
2393
2391
2393
2397
2396
2394
2396
2405
2405
2409
2409
2409
2416
2414
2416
2425
2426
2433
2440
2445
2452
2454
2453
2461
2460
2462
2461
2467
2465
2463
2463
2465
2469
2475
2479
2484
2486
2489
2495
2497
2505
2514
2515
2515
2514
2522
2531
2539
2548
2557
2562
2571
2578
2579
2587
2585
2591
2589
2589
2598
2598
2603
2604
2610
2619
2626
2634
2634
2636
2642
2648
2648
2652
2658
2664
2664
2667
2666
2665
2673
2673
2679
2679
2688
2695
2697
2702
2710
2716
2721
2725
2732
2740
2749
2748
2754
2763
2765
2767
2767
2765
2765
2764
2763
2769
2768
2774
2773
2773
2776
2780
2783
2791
2796
2796
2803
2809
2811
2814
2820
2826
2827
2829
2836
2843
2852
2852
2855
2857
2861
2863
2872
2881
2889
2895
2896
2905
2911
2916
2916
2914
2922
2921
2924
2926
2924
2931
2935
2944
2948
2948
2947
2945
2954
2952
2950
2958
2964
2971
2979
2979
2980
2981
2981
2984
2982
2985
2985
2983
2985
2986
2995
3003
3010
3009
3013
3022
3029
3038
3041
3046
3054
3060
3066
3072
3076
3076
3082
3084
3083
3081
3087
3092
3095
3097
3099
3100
3100
3104
3103
3111
3117
3117
3119
3118
3124
3125
3133
3135
3136
3135
3135
3133
3138
3145
3143
3141
3143
3143
3141
3145
3147
3148
3150
3151
3158
3163
3164
3173
3175
3180
3184
3191
3198
3199
3204
3208
3213
3211
3218
3226
3230
3237
3241
3245
3254
3260
3269
3273
3276
3285
3292
3292
3301
3299
3301
3307
3316
3318
3323
3325
3324
3326
3325
3324
3332
3337
3336
3335
3339
3341
3345
3345
3346
3344
3344
3342
3344
3343
3350
3351
3349
3356
3356
3355
3355
3361
3366
3366
3365
3370
3370
3370
3375
3377
3380
3382
3382
3389
3387
3395
3395
3398
3399
3398
3405
3407
3407
3412
3416
3422
3421
3421
3422
3429
3429
3432
3438
3445
3445
3454
3459
3467
3468
3466
3468
3470
3479
3486
3493
3501
3501
3507
3513
3513
3521
3520
3528
3533
3542
3550
3551
3556
3562
3571
3576
3578
