10
16
20
22
23
26
34
38
36
37
40
39
38
38
44
48
57
57
55
59
61
60
64
72
72
74
80
88
93
97
106
109
107
116
120
118
125
131
137
144
152
151
152
159
159
161
170
174
180
186
190
188
195
199
204
207
215
215
222
228
233
242
249
257
261
261
270
279
284
287
290
292
291
293
296
300
304
310
316
322
330
338
345
347
346
353
353
361
360
368
376
384
387
386
391
396
398
396
398
407
410
409
413
417
416
425
432
435
439
447
450
452
457
455
454
452
457
464
467
467
475
479
482
489
493
499
506
515
521
525
529
538
541
540
545
551
551
556
562
570
579
580
589
588
589
587
592
596
599
605
614
612
617
616
620
619
627
627
626
632
637
636
637
638
641
646
651
656
663
664
668
677
683
682
687
687
685
689
690
691
695
697
704
706
710
714
718
717
724
726
731
733
737
742
740
741
739
737
735
739
741
742
743
751
753
762
766
771
775
776
781
780
789
787
787
785
788
790
789
796
804
809
813
822
829
827
833
837
835
833
833
837
836
838
843
846
846
850
853
859
867
869
867
871
878
883
881
885
891
897
898
903
910
911
913
920
924
926
927
931
940
948
953
960
964
967
971
980
981
981
982
983
981
986
993
1000
1000
1007
1013
1011
1018
1018
1027
1028
1037
1036
1039
1046
1047
1054
1063
1070
1068
1070
1071
1072
1072
1081
1086
1093
1092
1096
1101
1105
1103
1107
1105
1110
1109
1117
1120
1127
1130
1131
1136
1135
1143
1150
1158
1160
1169
1167
1168
1172
1173
1173
1180
1189
1188
1188
1197
1196
1195
1203
1207
1206
1215
1216
1220
1218
1217
1217
1221
1226
1225
1224
1224
1222
1220
1225
1223
1232
1237
1239
1246
1253
1255
1258
1256
1260
1260
1259
1259
1257
1266
1269
1276
1278
1287
1285
1294
1296
1295
1300
1299
1307
1308
1307
1311
1313
1311
1309
1310
1308
1315
1323
1327
1331
1331
1339
1346
1350
1356
1360
1369
1373
1375
1377
1377
1385
1385
1386
1393
1393
1391
1394
1394
1398
1400
1399
1402
1407
1416
1420
1420
1426
1429
1430
1434
1443
1442
1444
1442
1444
1446
1452
1454
1453
1459
1464
1473
1481
1487
1496
1500
1506
1504
1504
1508
1510
1516
1523
1528
1537
1544
1542
1544
1542
1541
1547
1550
1551
1560
1566
1574
1582
1589
1592
1599
1604
1613
1614
1623
1621
1628
1637
1640
1644
1647
1652
1653
1657
1657
1657
1661
1668
1671
1677
1678
1683
1684
1683
1688
1692
1692
1692
1697
1703
1702
1708
1715
1714
1714
1712
1716
1724
1726
1725
1726
1731
1738
1740
1746
1750
1750
1756
1764
1765
1773
1771
1776
1781
1788
1789
1790
1788
1787
1790
1798
1796
1803
1803
1812
1810
1812
1821
1829
1837
1846
1845
1846
1855
1862
1864
1869
1870
1869
1878
1880
1883
1881
1887
1896
1903
1901
1908
1911
1913
1912
1912
1912
1920
1922
1931
1939
1937
1937
1939
1945
1943
1945
1950
1951
1954
1957
1962
1964
1966
1973
1972
1973
1971
1980
1980
1988
1993
2002
2011
2020
2025
2027
2029
2027
2025
2030
2036
2038
2037
2039
2040
2039
2045
2044
2044
2052
2056
2055
2053
2055
2059
2058
2067
2074
2082
2084
2083
2088
2094
2095
2100
2099
2102
2108
2116
2119
2128
2131
2136
2137
2137
2135
2140
2147
2149
2155
2160
2165
2167
2167
2165
2168
2175
2182
2180
2180
2184
2189
2195
2193
2199
2199
2197
2203
2205
2214
2220
2225
2223
2229
2229
2227
2226
2230
2232
2240
2244
2253
2254
2253
2251
2260
2263
2266
2265
2270
2271
2280
2283
2286
2293
2302
2304
2306
2305
2307
2306
2304
2310
2314
2320
2319
2324
2322
2331
2333
2335
2337
2346
2345
2346
2354
2354
2354
2360
2362
2363
2372
2372
2375
2378
2377
2385
2383
2383
2381
2387
2394
2393
2401
2409
2410
2419
2422
2420
2425
2424
2426
2428
2428
2430
2439
2437
2438
2443
2442
2448
2456
2465
2473
2476
2483
2490
2492
2495
2501
2506
2515
2516
2516
2525
2524
2528
2533
2539
2537
2541
2550
2558
2557
2565
2573
2571
2576
2585
2586
2591
2590
2598
2597
2603
2610
2614
2617
2617
2624
2622
2625
2627
2634
2643
2651
2657
2658
2662
2670
2676
2676
2682
2686
2686
2694
2701
2704
2702
2709
2715
2718
2727
2730
2737
2735
2735
2734
2735
2734
2734
2740
2740
2741
2742
2741
2746
2751
2751
2755
2759
2767
2768
2773
2776
2782
2787
2787
2786
2789
2788
2790
2790
2798
2806
2806
2806
2810
2811
2816
2823
2832
2838
2839
2846
2848
2847
2849
2858
2865
2863
2869
2876
2876
2877
2875
2883
2887
2890
2893
2900
2903
2908
2907
2910
2916
2916
2920
2922
2930
2938
2940
2939
2948
2956
2964
2963
2961
2965
2970
2977
2982
2981
2987
2985
2994
2999
2997
2999
3003
3005
3005
3009
3013
3021
3026
3033
3042
3041
3047
3052
3061
3065
3069
3072
3081
3084
3085
3092
3091
3095
3096
3099
3100
3101
3103
3111
3110
3119
3123
3125
3129
3138
3143
3144
3143
3150
3154
3161
3167
3166
3173
3173
3171
3176
3185
3192
3200
3207
3208
3212
3215
3218
3220
3220
3227
3225
3223
3231
3231
3234
3241
3248
3256
3255
3254
3257
3255
3256
3256
3261
3260
3263
3272
3274
3272
3278
3282
3283
3291
3296
3294
3293
3293
3294
3303
3306
3306
3314
3313
3316
3324
3330
3334
3336
3338
3344
3351
3359
3359
3364
3363
3365
3366
3375
3381
3384
3389
3398
3399
3401
3399
3397
3404
3413
3415
3417
3419
3425
3424
3422
3421
3430
3438
3444
3447
3447
3448
3454
3456
3463
3468
3474
3477
3475
3473
3478
3477
3486
3487
3487
3485
3483
3486
3487
3488
3495
3503
3504
3512
3521
3525
3528
3532
3536
3535
3543
3550
3550
3556
3554
3562
3571
3569
3568
3571
3573
3578
3587
3586
3592
3600
3608
3617
3626
3634
3636
3643
3644
3649
3658
3661
3666
3674
3675
3678
3685
3691
3689
3693
3700
3700
3707
3711
3713
3711
3716
3725
3728
3727
3730
3738
3741
3742
3743
3742
3742
3743
3749
3747
3749
3757
3756
3756
3765
3763
3771
3770
3773
3777
3786
3785
3790
3795
3794
3799
3805
3809
3812
3813
3820
3826
3831
3837
3844
3843
3846
3847
3853
3862
3870
3876
3880
3886
3894
3894
3901
3901
3901
3899
3900
3907
3906
3908
3911
3919
3926
3933
3939
3941
3940
3945
3952
3952
3958
3957
3957
3955
3960
3967
3974
3979
3983
3987
3991
3996
4001
4007
4011
4012
4014
4021
4021
4021
4026
4032
4038
4043
4045
4052
4050
4057
4063
4063
4069
4069
4071
4080
4080
4082
4085
4084
4089
4095
4095
4093
4092
4097
4097
4099
4108
4109
4118
4122
4128
4137
4139
4144
4142
4148
4149
4149
4149
4149
4153
4161
4161
4168
4176
4174
4173
4173
4176
4176
4180
4182
4188
4193
4195
4198
4201
4201
4210
4208
4213
4221
4229
4229
4234
4235
4241
4239
4239
4239
4246
4254
4256
4261
4268
4270
4270
4278
4285
4294
4298
4303
4306
4306
4311
4317
4325
4334
4335
4333
4331
4334
4333
4336
4344
4346
4351
4354
4356
4359
4362
4362
4360
4359
4366
4374
4376
4375
4382
4387
4392
4392
4398
4407
4413
4416
4416
4424
4426
4434
4437
4446
4450
4454
4457
4460
4462
4470
4471
4477
4482
4484
4489
4491
4495
4499
4498
4501
4507
4513
4512
4517
4525
4523
4522
4520
4521
4528
4537
4543
4550
4559
4567
4567
4565
4573
4572
4577
4575
4577
4576
4584
4582
4591
4597
4597
4598
4606
4615
4617
4618
4624
4622
4626
4629
4637
4645
4649
4650
4652
4659
4659
4660
4669
4673
4679
4687
4691
4692
4691
4689
4689
4697
4704
4710
4713
4714
4721
4730
4732
4738
4736
4735
4741
4746
4750
4752
4753
4760
4765
4765
4766
4769
4775
4779
4779
4786
4792
4795
4796
4805
4808
4807
4807
4813
4821
4826
4832
4832
4841
4840
4844
4853
4862
4864
4866
4868
4876
4874
4876
4875
4876
4885
4892
4891
4898
4902
4905
4912
4911
4916
4916
4924
4927
4933
4937
4936
4934
4938
4946
4952
4959
4962
4971
4970
4973
4979
4985
4986
4992
4998
5005
5012
5013
5021
5023
5025
5034
5033
5038
5044
5051
5054
5061
5063
5071
5074
5082
5091
5089
5096
5104
5106
5112
5114
5113
5122
5125
5132
5140
5143
5141
5144
5150
5153
5151
5151
5156
5163
5169
5175
5176
5176
5174
5182
5186
5190
5199
5206
5205
5203
5206
5208
5207
5207
5209
5213
5214
5222
5220
5228
5235
5235
5233
5241
5248
5253
5253
5259
5262
5261
5259
5268
5276
5276
5285
5284
5293
5299
5299
5297
5302
5309
5310
5309
5316
5318
5321
5320
5324
5333
5336
5343
5349
5353
5356
5357
5366
5370
5379
5378
5386
5385
5392
5390
5394
5396
5403
5411
5415
5424
5432
5435
5440
5441
5443
5452
5460
5467
5465
5471
5470
5475
5478
5481
5480
5488
5492
5498
5500
5503
5501
5509
5513
5514
5520
5518
5521
5528
5537
5538
5545
5546
5555
5560
5562
5561
5568
5568
5566
5574
5574
5575
5584
5584
5592
5596
5604
5606
5606
5613
5617
5625
5629
5637
5644
5650
5652
5654
5654
5661
5663
5663
5669
5674
5672
5673
5673
5676
5677
5682
5684
5686
5688
5691
5699
5701
5699
5708
5711
5709
5716
5718
5722
5731
5733
5736
5734
5742
5748
5756
5756
5754
5756
5758
5763
5761
5762
5765
5769
5768
5774
5780
5779
5779
5783
5792
5793
5801
5800
5805
5812
5815
5814
5822
5823
5828
5836
5834
5838
5847
5847
5855
5862
5863
5869
5876
5884
5883
5885
5893
5894
5892
5895
5896
5901
5908
5908
5909
5914
5917
5916
5917
5915
5914
5923
5932
5938
5940
5945
5946
5947
5955
5956
5960
5964
5967
5967
5965
5973
5982
5982
5986
5995
5993
6000
6005
6006
6007
6010
6009
6007
6011
6016
6016
6023
6022
6023
6022
6023
6032
6031
6035
6035
6036
6044
6048
6049
6058
6058
6066
6067
6065
6063
6064
6062
6068
6074
6075
6082
6088
6095
6104
6107
6116
6116
6117
6119
6127
6127
6128
6132
6136
6141
6141
6148
6156
6157
6164
6171
6176
6177
6181
6186
6190
6189
6194
6199
6204
6208
6214
6223
6230
6238
6237
6236
6241
6247
6247
6248
6247
6245
6254
6258
6265
6269
6276
6277
6278
6277
6283
6281
6282
6288
6287
6294
6297
6295
6296
6302
6309
6312
6321
6321
6329
6331
6331
6336
6344
6346
6344
6352
6356
6357
6363
6370
6379
6387
6395
6398
6401
6408
6415
6413
6413
6415
6415
6419
6422
6428
6428
6427
6430
6434
6434
6433
6441
6442
6442
6449
6448
6450
6449
6450
6454
6458
6461
6465
6463
6471
6475
6481
6484
6483
6488
6487
6485
6494
6499
6500
6500
6507
6512
6519
6528
6527
6525
6524
6531
6540
6548
6548
6547
6549
6556
6564
6573
6582
6586
6584
6589
6596
6604
6611
6620
6618
6622
6622
6631
6632
6632
6639
6639
6644
6649
6648
6657
6664
6666
6671
6678
6676
6684
6692
6690
6699
6698
6698
6702
6707
6712
6716
6719
6726
6734
6735
6741
6746
6745
6751
6752
6759
6757
6765
6769
6770
6776
6776
6783
6784
6784
6787
6787
6789
6788
6795
6804
6805
6803
6804
6808
6810
6819
6823
6828
6834
6840
6844
6850
6857
6864
6867
6874
6879
6884
6889
6891
6891
6900
6901
6903
6910
6917
6918
6919
6927
6936
6937
6943
6942
6943
6947
6954
6961
6961
6969
6978
6987
6993
6991
6998
7002
7007
7006
7011
7015
7017
7018
7024
7030
7038
7045
7043
7044
7048
7051
7058
7065
7066
7068
7067
7067
7070
7071
7072
7076
7084
7082
7084
7092
7091
7094
7099
7106
7114
7114
7121
7125
7132
7131
7132
7137
7136
7134
7140
7148
7149
7149
7147
7146
7148
7149
7155
7159
7160
7160
7162
7167
7174
7172
7170
7173
7171
7171
7179
7184
7187
7190
7189
7188
7188
7197
7201
7199
7199
7204
7207
7214
7216
7224
7223
7226
7235
7235
7243
7244
7242
7244
7251
7259
7257
7257
7258
7265
7269
7268
7267
7274
7283
7281
7280
7284
7293
7295
7298
7298
7296
7297
7295
7302
7310
7311
7313
7319
7319
7323
7322
7328
7332
7333
7338
7346
7354
7355
7361
7367
7374
7382
7381
7387
7392
7396
7394
7398
7403
7408
7415
7415
7421
7420
7419
7417
7419
7417
7417
7422
7431
7432
7434
7434
7433
7438
7441
7444
7444
7453
7454
7456
7464
7469
7468
7477
7486
7493
7497
7497
7498
7502
7503
7505
7507
7506
7506
7511
7510
7510
7518
7527
7526
7531
7531
7533
7538
7537
7539
7537
7545
7549
7555
7558
7559
7559
7560
7568
7577
7579
7583
7592
7595
7594
7601
7606
7609
7609
7609
7610
7612
7617
7626
7629
7632
7635
7634
7634
7635
7635
7635
7639
7648
7655
7660
7664
7670
7674
7681
7682
7687
7690
7694
7693
7693
7697
7702
7707
7705
7714
7713
7713
7718
7725
7729
7731
7739
7739
7745
7744
7748
7755
7763
7765
7766
7765
7763
7765
7769
7771
7780
7786
7786
7788
7796
7796
7804
7804
7803
7811
7814
7812
7811
7815
7824
7826
7829
7831
7829
7828
7831
7835
7841
7845
7851
7854
7852
7861
7869
7867
7865
7868
7869
7873
7877
7885
7887
7889
7890
7897
7906
7904
7907
7913
7918
7920
7926
7928
7934
7935
7940
7940
7947
7947
7951
7959
7968
7969
7971
7974
7979
7985
7983
7983
7985
7994
8001
8009
8010
8017
8015
8017
8023
8030
8033
8041
8045
8052
8057
8063
8061
8063
8067
8074
8073
8080
8086
8090
8094
8093
8092
8097
8104
8105
8114
8122
8129
8128
8128
8130
8132
8138
8139
8138
8138
8140
8144
8146
8150
8152
8161
8161
8163
8170
8168
8172
8171
8170
8174
8180
8189
8193
8198
8207
8215
8218
8218
8221
8230
8228
8228
8235
8236
8239
8243
8248
8257
8255
8260
8263
8265
8264
8272
8270
8272
8274
8273
8274
8272
8272
8271
8278
8286
8286
8292
8296
8305
8314
8320
8321
8327
8329
8338
8344
8346
8355
8364
8367
8368
8369
8378
8387
8393
8402
8403
8404
8409
8412
8410
8418
8425
8432
8436
8438
8444
8452
8454
8463
8471
8475
8484
8491
8496
8497
8504
8511
8511
8510
8516
8515
8521
8527
8534
8536
8545
8544
8553
8560
8569
8569
8575
8583
8586
8589
8591
8589
8597
8603
8607
8616
8614
8613
8620
8620
8623
8621
8621
8627
8628
8626
8630
8635
8640
8646
8649
8658
8660
8666
8667
8666
8671
8669
8667
8676
8679
8687
8691
8693
8697
8702
8703
8711
8715
8716
8714
8715
8719
8721
8729
8735
8743
8750
8756
8755
8753
8760
8760
8763
8770
8770
8771
8780
8780
8782
8783
8791
8798
8805
8805
8808
8812
8816
8821
8830
8832
8837
8845
8854
8860
8864
8863
8865
8874
8881
8883
8883
8887
8891
8889
8893
8894
8897
8906
8913
8918
8922
8921
8922
8921
8919
8922
8927
8934
8941
8949
8958
8961
8968
8977
8985
8988
8989
8995
8997
8995
9002
9005
9012
9010
9008
9006
9012
9021
9027
9029
9030
9031
9039
9045
9050
9058
9062
9061
9069
9073
9080
9086
9084
9089
9087
9085
9088
9089
9088
9088
9088
9088
9090
9088
9086
9093
9102
9108
9106
9104
9107
9116
9114
9120
9123
9127
9127
9135
9134
9136
9142
9151
9155
9164
9162
9171
9177
9186
9185
9187
9196
9202
9208
9215
9216
9221
9227
9233
9235
9241
9249
9256
9260
9266
9268
9266
9273
9271
9270
9276
9285
9283
9291
9297
9297
9295
9304
9305
9310
9316
9323
9323
9322
9328
9331
9337
9342
9347
9350
9352
9358
9364
9373
9381
9386
9387
9386
9388
9390
9393
9401
9409
9416
9417
9420
9423
9423
9426
9427
9428
9426
9427
9426
9424
9423
9422
9422
9424
9428
9433
9442
9441
9446
9453
9458
9458
9466
9472
9473
9477
9478
9477
9485
9483
9492
9493
9496
9502
9509
9516
9517
9516
9524
9526
9527
9536
9537
9535
9536
9536
9536
9538
9543
9549
9555
9558
9561
9564
9573
9580
9582
9580
9586
9587
9596
9596
9595
9599
9597
9600
9598
9602
9601
9603
9602
9611
9612
9616
9616
9620
9625
9629
9637
9635
9642
9646
9655
9664
9671
9674
9673
9673
9677
9679
9681
9683
9686
9690
9698
9698
9706
9706
9715
9720
9727
9734
9734
9734
9732
9741
9743
9749
9751
9755
9753
9751
9756
9758
9765
9769
9771
9776
9781
9788
9787
9791
9795
9796
9804
9809
9817
9820
9818
9826
9832
9837
9842
9842
9843
9849
9856
9863
9870
9874
9874
9872
9874
9872
9875
9876
9874
9874
9882
9883
9887
9896
9901
9905
9908
9914
9920
9928
9932
9937
9939
9947
9948
9947
9948
9949
9948
9954
9954
9956
9964
9966
9974
9980
9983
9990
9988
9992
9995
10003
10011
10015
10018
10020
10024
10028
10032
10033
10039
10043
10048
10051
10051
10050
10054
10055
10063
10065
10067
10070
10069
10076
10085
10091
10100
10101
10109
10118
10124
10133
10136
10134
10141
10140
10138
10136
10134
10136
10138
10144
10143
10148
10154
10162
10161
10164
10172
10176
10178
10182
10188
10195
10202
10204
10209
10217
10224
10227
10231
10231
10240
10246
10254
10260
10264
10269
10278
10279
10278
10281
10283
10289
10298
10296
10295
10296
10298
10306
10304
10309
10309
10316
10315
10323
10330
10337
10338
10337
10343
10348
10351
10359
10358
10356
10354
10361
10370
10378
10377
10382
10389
10398
10397
10405
10412
10414
10421
10421
10427
10432
10437
10436
10439
10448
10450
10457
10462
10468
10477
10476
10479
10478
10481
10482
10485
10483
10485
10488
10491
10497
10495
10504
10513
10516
10514
10520
10525
10526
10533
10542
10548
10548
10552
10559
10563
10561
10562
10570
10570
10569
10572
10578
10587
10589
10592
10601
10603
10608
10617
10622
10630
10628
10632
10632
10637
10643
10648
10646
10646
10653
10651
10657
10657
10660
10667
10671
10671
10679
10686
10691
10690
10693
10695
10698
10701
10710
10714
10718
10724
10729
10731
10729
10738
10745
10751
10757
10764
10767
10776
10777
10777
10783
10787
10793
10795
10797
10798
10801
10804
10812
10821
10821
10824
10825
10827
10836
10839
10847
10845
10848
10847
10854
10852
10857
10862
10867
10865
10869
10868
10874
10876
10875
10875
10880
10878
10887
10892
10899
10905
10903
10906
10905
10912
10918
10925
10925
10924
10924
10925
10928
10937
10937
10940
10947
10947
10953
10956
10960
10969
10973
10981
10982
10985
10994
10998
10997
11000
11009
11012
11013
11012
11018
11024
11032
11039
11044
11043
11041
11043
11046
11044
11042
11043
11048
11047
11056
11056
11062
11064
11070
11071
11078
11079
11083
11085
11091
11090
11096
11101
11106
11106
11114
11119
11128
11128
11134
11140
11138
11142
11151
11151
11152
11153
11154
11157
11165
11174
11182
11189
11188
11197
11204
11207
11208
11211
11214
11223
11225
11230
11237
11246
11251
11253
11252
11250
11259
11261
11270
11272
11270
11279
11280
11285
11283
11286
11287
11292
11299
11305
11312
11317
11324
11325
11328
11330
11330
11334
11339
11348
11346
11350
11357
11358
11356
11361
11359
11366
11367
11376
11375
11379
11379
11386
11387
11395
11402
11402
11406
11404
11410
11418
11417
11420
11422
11423
11432
11433
11439
11445
11452
11454
11460
11460
11461
11470
11479
11477
11481
11481
11480
11480
11487
11493
11497
11502
11505
11508
11506
11507
11512
11519
11521
11523
11528
11526
11531
11531
11531
11539
11545
11546
11554
11556
11560
11559
11560
11565
11569
11570
11568
11573
11575
11584
11591
11597
11600
11609
11611
11618
11616
11618
11621
11622
11629
11636
11634
11641
11639
11641
11650
11659
11661
11666
11670
11668
11668
11674
11679
11680
11682
11684
11689
11696
11701
11708
11711
11720
11720
11727
11736
11741
11740
11741
11745
11751
11749
11749
11754
11763
11764
11768
11777
11783
11785
11793
11800
11806
11805
11804
11804
11809
11809
11813
11817
11826
11827
11832
11831
11835
11840
11845
11852
11857
11865
11872
11878
11879
11884
11883
11882
11883
11884
11887
11887
11896
11903
11909
11909
11913
11920
11929
11929
11927
11926
11928
11929
11932
11934
11932
11930
11930
11934
11937
11944
11944
11944
11951
11950
11959
11963
11971
11979
11979
11981
11988
11990
11992
12000
11999
12007
12014
12021
12024
12026
12028
12028
12028
12036
12042
12043
12047
12050
12054
12055
12061
12069
12077
12081
12087
12087
12087
12089
12087
12089
12089
12095
12101
12105
12111
12114
12119
12119
12121
12125
12124
12122
12126
12129
12134
12138
12143
12150
12152
12160
12164
12173
12173
12173
12178
12185
12191
12190
12188
12196
12196
12201
12206
12204
12211
12209
12212
12212
12215
12215
12220
12224
12226
12227
12227
12232
12235
12236
12240
12243
12243
12250
12255
12262
12271
12275
12276
12283
12292
12295
12298
12298
12307
12311
12313
12316
12324
12330
12329
12335
12334
12332
12340
12341
12340
12345
12344
12347
12346
12348
12352
12350
12358
12360
12363
12363
12367
12375
12374
12381
12383
12392
12395
12395
12395
12401
12401
12410
12417
12419
12427
12425
12427
12433
12435
12436
12438
12439
12442
12445
12449
12457
12455
12458
12464
12468
12469
12468
12468
12469
12472
12477
12484
12482
12481
12486
12490
12488
12486
12489
12490
12495
12500
12500
12498
12496
12505
12514
12521
12520
12526
12531
12531
12530
12538
12544
12549
12551
12557
12561
12559
12568
12576
12579
12577
12583
12585
12585
12588
12589
12594
12600
12601
12606
12614
12616
12619
12628
12629
12637
12642
12646
12654
12663
12669
12674
12681
12683
12689
12696
12697
12695
12698
12703
12709
12715
12718
12721
12730
12732
12735
12734
12736
12734
12738
12739
12744
12744
12745
12754
12760
12762
12765
12773
12782
12789
12790
12799
12805
12803
12804
12813
12817
12816
12823
12821
12823
12832
12839
12838
12842
12846
12849
12850
12857
12856
12859
12868
12875
12884
12893
12900
12902
12903
12903
12911
12917
12918
12924
12926
12933
12932
12939
12947
12949
12951
12954
12955
12958
12960
12967
12967
12976
12982
12981
12989
12992
12995
12994
13003
13011
13014
13022
13024
13027
13032
13040
13043
13049
13055
13058
13063
13061
13059
13067
13069
13074
13080
13086
13085
13088
13092
13098
13105
13112
13114
13121
13119
13119
13117
13118
13122
13128
13126
13133
13135
13142
13144
13146
13149
13152
13156
13154
13163
13161
13163
13171
13180
13178
13181
13186
13186
13192
13192
13198
13203
13206
13213
13214
13212
13213
13216
13220
13218
13221
13226
13228
13228
13231
13236
13243
13246
13255
13259
13263
13269
13268
13271
13274
13275
13282
13284
13287
13285
13285
13286
13293
13302
13302
13303
13306
13310
13311
13318
13320
13323
13328
13330
13339
13340
13342
13344
13343
13350
13353
13354
13363
13362
13363
13364
13367
13372
13374
13380
13386
13395
13394
13399
13401
13404
13407
13414
13416
13419
13428
13432
13439
13439
13440
13443
13449
13451
13455
13459
13467
13472
13476
13475
13480
13482
13482
13487
13487
13495
13504
13508
13508
13513
13515
13524
13531
13538
13540
13539
13539
13540
13542
13546
13546
13553
13557
13562
13571
13576
13582
13584
13592
13599
13597
13595
13595
13601
13606
13604
13611
13613
13611
13613
13619
13628
13630
13635
13641
13641
13650
13656
13659
13665
13663
13672
13673
13674
13677
13685
13688
13689
13697
13702
13704
13704
13713
13711
13710
13715
13720
13726
13732
13735
13739
13738
13742
13750
13753
13761
13769
13771
13780
13780
13786
13792
13792
13794
13799
13805
13803
13811
13817
13825
13829
13835
13838
13836
13844
13847
13846
13850
13856
13858
13857
13865
13868
13874
13878
13880
13883
13890
13889
13894
13894
13896
13903
13903
13901
13910
13915
13920
13920
13920
13926
13925
13924
13926
13927
13927
13927
13928
13926
13926
13928
13935
13939
13948
13957
13959
13958
13957
13958
13966
13970
13972
13975
13978
13987
13991
13991
13999
13997
13998
14002
14000
14001
13999
14008
14006
14013
14015
14014
14018
14023
14028
14027
14035
14037
14036
14038
14047
14055
14057
14066
14070
14078
14081
14079
14087
14087
14092
14092
14094
14096
14102
14105
14112
14118
14125
14133
14135
14139
14140
14142
14140
14144
14152
14150
14155
14163
14169
14171
14170
14173
14175
14174
14180
14182
14187
14185
14184
14186
14192
14199
14204
14210
14208
14208
14216
14222
14229
14234
14232
14235
14238
14247
14251
14260
14268
14270
14269
14276
14277
14275
14276
14284
14282
14281
14289
14297
14306
14313
14322
14331
14331
14333
14341
14347
14350
14349
14351
14351
14351
14353
14356
14357
14358
14364
14373
14382
14381
14381
14388
14393
14398
14402
14409
14414
14416
14425
14433
14439
14446
14448
14456
14457
14458
14461
14461
14470
14469
14474
14481
14488
14487
14488
14493
14492
14491
14493
14501
14506
14510
14516
14519
14527
14532
14530
14538
14538
14541
14546
14552
14556
14556
14558
14564
14566
14572
14579
14580
14583
14583
14583
14590
14592
14600
14604
14612
14611
14614
14613
14616
14615
14617
14624
14622
14631
14640
14646
14646
14649
14653
14660
14664
14670
14675
14676
14677
14677
14684
14686
14694
14698
14700
14698
14707
14714
14722
14728
14728
14731
14732
14732
14734
14743
14750
14756
14756
14765
14763
14768
14767
14766
14769
14770
14773
14777
14782
14788
14787
14786
14788
14795
14793
14799
14805
14805
14807
14808
14810
14817
14815
14822
14822
14822
14831
14837
14846
14848
14853
14851
14857
14856
14863
14867
14865
14873
14879
14882
14888
14894
14894
14902
14900
14900
14909
14918
14920
14924
14929
14930
14931
14934
14936
14941
14939
14945
14944
14943
14944
14945
14947
14949
14952
14959
14960
14963
14963
14971
14977
14981
14979
14981
14982
14982
14981
14988
14994
14998
14996
14998
15005
15007
15005
15008
15012
15020
15024
15030
15035
15040
15040
15041
15041
15041
15042
15041
15047
15045
15053
15052
15052
15060
15066
15067
15068
15074
15083
15082
15087
15092
15093
15093
15097
15106
15109
15112
15121
15126
15130
15131
15137
15140
15145
15145
15147
15153
15154
15157
15166
15174
15179
15186
15192
15191
15194
15193
15197
15202
15204
15208
15214
15212
15210
15208
15206
15208
15207
15215
15221
15224
15231
15236
15241
15249
15250
15248
15246
15245
15243
15248
15253
15254
15261
15263
15271
15271
15273
15273
15278
15278
15278
15276
15276
15274
15273
15278
15284
15284
15283
15282
15284
15286
15286
15289
15298
15296
15305
15304
15305
15303
15303
15302
15310
15311
15320
15319
15323
15324
15324
15330
15332
15333
15333
15338
15343
15350
15357
15364
15368
15376
15384
15383
15392
15392
15400
15409
15417
15418
15425
15429
15435
15436
15440
15441
15450
15456
15458
15461
15460
15458
15463
15462
15462
15471
15475
15473
15482
15487
15492
15490
15497
15498
15503
15511
15511
15512
15518
15520
15521
15525
15527
15527
15528
15533
15537
15543
15550
15549
15549
15547
15549
15556
15554
15555
15556
15560
15564
15569
15577
15584
15583
15589
15591
15593
15598
15604
15603
15611
15609
15609
15611
15617
15625
15629
15633
15632
15634
15642
15649
15656
15655
15662
15666
15674
15675
15681
15686
15685
15686
15692
15691
15691
15695
15702
15708
15714
15714
15713
15719
15719
15727
15736
15740
15747
15753
15751
15757
15758
15765
15767
15775
15776
15774
15772
15770
15779
15788
15788
15787
15791
15798
15801
15801
15803
15803
15812
15817
15824
15828
15831
15837
15838
15837
15839
15837
15846
15844
15848
15849
15849
15853
15852
15850
15851
15854
15855
15860
15869
15873
15877
15877
15883
15884
15884
15883
15891
15890
15892
15891
15892
15900
15906
15908
15915
15923
15926
15924
15922
15929
15930
15938
15947
15946
15946
15950
15949
15955
15954
15960
15967
15972
15974
15973
15972
15971
15977
15978
15984
15984
15989
15992
15997
16006
16006
16010
16019
16023
16031
16038
16044
16053
16057
16060
16069
16069
16076
16076
16081
16086
16085
16094
16098
16104
16102
16101
16107
16115
16121
16125
16125
16132
16141
16149
16155
16156
16155
16158
16156
16158
16157
16162
16160
16169
16172
16174
16177
16176
16184
16185
16193
16192
16192
16192
16193
16200
16203
16207
16211
16216
16218
16227
16235
16238
16242
16241
16241
16242
16247
16255
16253
16254
16263
16270
16268
16269
16278
16276
16277
16285
16286
16293
16295
16304
16307
16315
16320
16322
16320
16321
16323
16330
16334
16332
16331
16337
16338
16344
16349
16349
16357
16360
16361
16370
16370
16375
16380
16389
16398
16405
16407
16405
16413
16412
16418
16417
16422
16428
16432
16431
16433
16433
16434
16432
16431
16431
16432
16435
16442
16447
16456
16455
16464
16471
16479
16487
16494
16503
16505
16514
16513
16521
16524
16524
16525
16523
16532
16537
16539
16537
16544
16543
16547
16550
16559
16562
16569
16572
16579
16578
16582
16586
16594
16594
16601
16606
16611
16609
16616
16616
16621
16620
16623
16632
16641
16645
16651
16654
16654
16653
16658
16658
16662
16666
16666
16666
16675
16683
16689
16690
16699
16707
16716
16722
16731
16740
16748
16753
16752
16758
16758
16763
16765
16765
16767
16768
16766
16769
16776
16774
16781
16780
16781
16779
16782
16782
16787
16788
16787
16794
16803
16811
16814
16812
16820
16824
16822
16825
16824
16831
16830
16829
16830
16839
16844
16853
16861
16870
16872
16881
16880
16887
16893
16896
16903
16911
16916
16919
16917
16925
16934
16942
16948
16953
16959
16965
16969
16972
16980
16987
16988
16993
16991
16994
16994
17003
17004
17003
17007
17012
17013
17021
17027
17033
17038
17043
17044
17049
17056
17064
17065
17066
17066
17070
17069
17074
17082
17089
17094
17101
17105
17110
17118
17118
17117
17121
17124
17122
17129
17137
17139
17138
17138
17138
17144
17144
17146
17145
17145
17144
17150
17148
17153
17152
17151
17150
17156
17164
17167
17167
17175
17184
17184
17188
17197
17198
17207
17205
17204
17209
17211
17217
17226
17232
17234
17237
17242
17241
17245
17252
17254
17260
17260
17267
17265
17273
17278
17285
17285
17285
17288
17289
17294
17301
17307
17314
17315
17314
17318
17321
17330
17335
17336
17337
17344
17342
17347
17346
17351
17353
17358
17357
17361
17362
17367
17365
17366
17367
17376
17375
17378
17376
17383
17389
17396
17401
17410
17414
17415
17416
17417
17421
17420
17421
17430
17435
17436
17438
17445
17448
17456
17455
17463
17461
17466
17467
17473
17472
17479
17483
17491
17496
17498
17503
17512
17510
17509
17507
17513
17517
17526
17526
17526
17527
17531
17531
17539
17546
17549
17554
17561
17568
17572
17573
17574
17575
17583
17583
17585
17590
17593
17592
17598
17606
17607
17611
17615
17616
17621
17630
17635
17635
17639
17643
17651
17653
17652
17660
17669
17670
17679
17678
17682
17687
17695
17698
17704
17703
17710
17717
17717
17718
17723
17728
17730
17735
17733
17732
17731
17731
17740
17742
17751
17749
17748
17757
17765
17768
17769
17772
17778
17776
17776
17776
17783
17786
17787
17788
17786
17788
17789
17795
17798
17796
17802
17811
17819
17828
17831
17839
17837
17835
17843
17852
17856
17861
17868
17877
17879
17879
17885
17889
17898
17899
17900
17904
17906
17907
17908
17908
17915
17924
17933
17939
17941
17941
17946
17952
17958
17959
17963
17963
17969
17971
17977
17986
17986
17995
18002
18006
18015
18016
18024
18026
18033
18040
18039
18040
18042
18050
18057
18061
18067
18065
18073
18081
18089
18095
18099
18104
18109
18110
18108
18107
18110
18115
18121
18125
18125
18133
18139
18138
18143
18142
18145
18153
18158
18164
18164
18170
18168
18167
18172
18171
18172
18179
18185
18191
18197
18199
18201
18199
18199
18206
18204
18212
18221
18219
18227
18227
18227
18232
18235
18243
18246
18247
18245
18245
18249
18248
18246
18255
18262
18268
18273
18278
18278
18276
18277
18278
18286
18288
18297
18301
18305
18307
18315
18322
18328
18336
18338
18341
18343
18346
18348
18350
18355
18358
18358
18363
18371
18369
18376
18376
18385
18389
18388
18390
18396
18404
18409
18407
18415
18419
18421
18424
18424
18423
18422
18427
18433
18432
18436
18444
18448
18457
18466
18475
18474
18473
18477
18483
18487
18496
18502
18509
18513
18514
18522
18528
18528
18526
18530
18534
18543
18552
18553
18558
18560
18563
18562
18570
18573
18577
18579
18580
18586
18587
18594
18592
18590
18588
18592
18590
18592
18592
18594
18603
18610
18613
18613
18612
18616
18624
18633
18642
18650
18649
18658
18661
18659
18658
18665
18667
18675
18678
18678
18677
18678
18682
18691
18692
18694
18700
18708
18713
18714
18723
18722
18727
18727
18726
18725
18731
18732
18739
18737
18746
18744
18750
18751
18756
18757
18755
18756
18761
18766
18768
18774
18777
18783
18791
18792
18791
18793
18792
18799
18805
18808
18814
18813
18815
18818
18820
18828
18831
18840
18846
18854
18857
18862
18861
18869
18878
18882
18887
18885
18888
18890
18895
18900
18904
18912
18917
18916
18918
18925
18933
18942
18948
18950
18952
18959
18968
18966
18965
18974
18972
18973
18972
18971
18978
18977
18978
18982
18988
18996
19003
19007
19016
19018
19027
19025
19027
19025
19033
19034
19038
19041
19042
19046
19051
19058
19060
19069
19073
19081
19086
19094
19092
19099
19107
19112
19116
19123
19123
19128
19137
19137
19136
19143
19150
19148
19156
19157
19166
19165
19165
19169
19175
19173
19171
19170
19173
19176
19180
19180
19187
19186
19191
19199
19206
19206
19215
19224
19222
19220
19223
19224
19222
19228
19232
19232
19233
19237
19238
19240
19241
19239
19245
19248
19249
19251
19259
19264
19264
19266
19273
19273
19280
19284
19292
19301
19303
19304
19311
19318
19327
19331
19333
19333
19339
19344
19347
19351
19358
19358
19360
19365
19374
19375
19374
19382
19387
19393
19397
19403
19406
19415
19417
19422
19427
19433
19436
19434
19432
19432
19434
19434
19433
19436
19442
19444
19444
19446
19445
19452
19459
19468
19466
19475
19480
19488
19488
19486
19485
19484
19485
19494
19496
19505
19504
19506
19508
19515
19524
19523
19526
19530
19537
19535
19542
19543
19548
19548
19553
19558
19565
19568
19573
19576
19576
19579
19581
19588
19596
19602
19604
19610
19610
19619
19621
19619
19624
19624
19629
19631
19639
19638
19640
19638
19642
19651
19658
19659
19665
19663
19669
19667
19676
19678
19686
19691
19693
19697
19702
19708
19715
19722
19730
19734
19733
19731
19737
19738
19747
19745
19754
19761
19770
19779
19781
19789
19789
19792
19795
19802
19804
19807
19811
19817
19815
19818
19827
19830
19828
19826
19832
19833
19839
19845
19847
19855
19855
19861
19867
19866
19866
19865
19870
19873
19879
19877
19877
19875
19883
19885
19887
19893
19899
19902
19910
19914
19916
19915
19923
19923
19924
19924
19929
19927
19928
19937
19939
19948
19957
19966
19964
19966
19973
19977
19985
19986
19986
19987
19993
19992
19990
19988
19988
19989
19998
20001
20003
20002
20006
20015
20013
20012
20018
20021
20030
20038
20037
20039
20048
20054
20063
20064
20064
20073
20077
20075
20073
20073
20073
20078
20086
20085
20085
20089
20094
20092
20092
20098
20104
20109
20111
20120
20126
20135
20133
20141
20140
20140
20142
20148
20151
20150
20152
20152
20150
20159
20164
20173
20173
20177
20179
20183
20182
20188
20196
20202
20207
20205
20207
20214
20219
20220
20219
20227
20235
20240
20249
20256
20263
20265
20273
20275
20278
20277
20277
20276
20279
20277
20280
20284
20292
20291
20292
20297
20299
20307
20307
20308
20307
20307
20313
20317
20317
20320
20328
20332
20330
20331
20331
20331
20335
20336
20337
20337
20336
20341
20342
20342
20351
20353
20352
20355
20359
20363
20367
20376
20385
20385
20389
20395
20403
20406
20407
20409
20407
20416
20417
20424
20425
20432
20435
20443
20444
20452
20452
20461
20463
20464
20465
20471
20475
20483
20484
20491
20490
20491
20494
20495
20501
20502
20503
20511
20519
20528
20534
20535
20534
20539
20543
20552
20550
20548
20553
20554
20561
20566
20575
20577
20580
20583
20589
20591
20594
20594
20602
20607
20610
20617
20616
20618
20623
20625
20632
20631
20638
20639
20641
20646
20652
20658
20658
20660
20665
20672
20680
20687
20691
20696
20704
20706
20708
20711
20718
20719
20721
20721
20729
20735
20736
20742
20751
20752
20759
20763
20771
20779
20782
20791
20796
20795
20796
20800
20799
20803
20801
20806
20804
20812
20815
20815
20823
20826
20831
20836
20845
20852
20852
20855
20856
20864
20863
20872
20878
20885
20884
20888
20893
20899
20908
20908
20907
20915
20916
20915
20920
20928
20928
20933
20941
20950
20959
20964
20973
20977
20978
20985
20983
20989
20989
20990
20994
20997
21004
21005
21008
21010
21014
21019
21028
21034
21035
21040
21042
21047
21049
21058
21067
21072
21078
21079
21088
21090
21096
21100
21104
21112
21121
21122
21124
21132
21133
21140
21139
21138
21143
21147
21153
21154
21163
21172
21180
21182
21186
21193
21199
21203
21209
21217
21225
21234
21243
21242
21243
21247
21255
21262
21263
21263
21272
21278
21281
21290
21293
21294
21294
21295
21302
21303
21306
21308
21313
21317
21323
21332
21332
21337
21341
21350
21358
21365
21372
21375
21383
21389
21397
21399
21407
21410
21418
21419
21428
21428
21435
21437
21442
21450
21455
21454
21461
21461
21466
21470
21468
21476
21485
21491
21492
21490
21493
21497
21501
21502
21504
21507
21516
21525
21523
21530
21531
21532
21540
21543
21549
21551
21555
21557
21564
21567
21570
21570
21571
21580
21580
21585
21593
21598
21607
21609
21609
21617
21617
21623
21628
21635
21643
21648
21646
21654
21663
21672
21673
21682
21680
21688
21693
21697
21696
21705
21703
21708
21709
21714
21715
21720
21727
21727
21733
21732
21730
21738
21746
21748
21750
21750
21758
21761
21769
21769
21776
21784
21793
21794
21803
21807
21811
21814
21821
21829
21836
21835
21836
21838
21840
21838
21838
21836
21844
21843
21843
21848
21855
21859
21863
21865
21869
21867
21868
21872
21880
21880
21886
21889
21892
21898
21907
21913
21918
21923
21930
21929
21938
21937
21946
21948
21947
21951
21958
21959
21965
21974
21973
21972
21980
21978
21984
21984
21990
21992
21993
22000
22000
22005
22005
22013
22015
22023
22028
22037
22043
22047
22045
22048
22055
22062
22061
22063
22071
22069
22072
22080
22089
22098
22101
22100
22108
22117
22121
22126
22124
22123
22128
22136
22137
22139
22138
22139
22139
22142
22140
22142
22144
22150
22159
22162
22170
22179
22185
22189
22191
22196
22203
22207
22215
22223
22230
22230
22228
22236
22244
22243
22246
22249
22247
22253
22259
22266
22272
22281
22286
22293
22298
22296
22299
22305
22307
22313
22315
22323
22332
22338
22341
22346
22352
22350
22350
22353
22358
22367
22367
22376
22379
22377
22377
22386
22390
22392
22399
22401
22408
22413
22417
22426
22434
22439
22444
22449
22456
22456
22456
22463
22466
22467
22476
22476
22483
22489
22498
22506
22514
22513
22522
22523
22527
22536
22544
22543
22550
22554
22563
22562
22570
22577
22577
22585
22586
22588
22588
22589
22589
22589
22591
22597
22604
22612
22614
22614
22619
22618
22617
22623
22632
22633
22639
22647
22645
22654
22654
22656
22665
22664
22662
22670
22678
22677
22677
22684
22687
22693
22702
22708
22708
22711
22712
22711
22711
22713
22713
22711
22712
22717
22721
22726
22726
22725
22731
22735
22737
22740
22738
22739
22738
22742
22740
22738
22739
22742
22750
22757
22764
22765
22769
22770
22770
22772
22770
22777
22775
22782
22788
22787
22786
22791
22800
22801
22806
22814
22817
22819
22819
22819
22820
22824
22822
22825
22823
22824
22830
22834
22836
22834
22833
22839
22845
22852
22859
22867
22868
22872
22871
22872
22880
22878
22885
22894
22898
22899
22901
22900
22902
22905
22907
22908
22910
22911
22910
22910
22911
22919
22921
22924
22933
22937
22940
22938
22940
22944
22948
22946
22949
22953
22956
22959
22958
22967
22974
22976
22974
22976
22976
22980
22983
22986
22992
22990
22988
22986
22986
22984
22990
22989
22993
22996
22994
22993
22998
23001
23003
23008
23009
23009
23015
23024
23022
23023
23026
23025
23032
23032
23041
23042
23045
23046
23051
23058
23057
23059
23059
23065
23070
23073
23077
23083
23092
23092
23098
23102
23103
23112
23118
23126
23134
23138
23142
23148
23152
23157
23159
23158
23162
23160
23164
23165
23166
23168
23166
23165
23164
23172
23177
23177
23176
23177
23179
23188
23196
23198
23200
23207
23206
23209
23208
23215
23213
23214
23219
23218
23227
23235
23243
23249
23258
23258
23257
23257
23262
23262
23266
23272
23274
23273
23272
23280
23281
23279
23278
23285
23289
23289
23298
23296
23298
23307
23315
23321
23319
23318
23326
23330
23339
23344
23352
23357
23357
23365
23370
23369
23378
23386
23391
23393
23394
23393
23396
23399
23402
23405
23408
23408
23408
23406
23411
23413
23415
23418
23423
23422
23429
23435
23439
23445
23452
23450
23456
23455
23463
23463
23467
23469
23471
23480
23485
23490
23495
23504
23512
23521
23523
23531
23539
23546
23545
23545
23552
23551
23559
23563
23568
23576
23583
23584
23592
23595
23593
23594
23603
23610
23619
23624
23629
23637
23639
23640
23648
23654
23659
23667
23670
23675
23678
23687
23695
23704
23703
23708
23709
23707
23714
23716
23718
23720
23728
23732
23739
23745
23748
23755
23756
23762
23767
23771
23779
23785
23787
23792
23797
23804
23810
23811
23814
23819
23818
23816
23825
23827
23831
23838
23846
23849
23858
23859
23857
23861
23870
23878
23887
23894
23901
23904
23902
23905
23914
23916
23921
23930
23930
23931
23935
23935
23933
23939
23938
23946
23951
23957
23961
23965
23969
23971
23979
23983
23981
23980
23989
23994
23992
23991
23989
23996
23995
24002
24006
24015
24014
24018
24020
24027
24036
24041
24040
24045
24046
24054
24052
24056
24060
24063
24067
24076
24074
24074
24073
24073
24071
24070
24072
24078
24079
24081
24080
24083
24087
24086
24085
24094
24099
24108
24106
24108
24108
24111
24119
24126
24126
24129
24128
24135
24140
24145
24153
24157
24160
24160
24160
24167
24174
24172
24172
24178
24185
24184
24191
24191
24200
24202
24211
24212
24218
24225
24226
24224
24225
24232
24241
24248
24247
24249
24250
24257
24260
24267
24276
24279
24287
24288
24286
24289
24291
24294
24299
24301
24299
24302
24308
24306
24311
24319
24324
24332
24335
24335
24334
24341
24348
24351
24350
24357
24366
24366
24367
24370
24376
24377
24382
24386
24395
24401
24401
24405
24403
24404
24403
24404
24403
24411
24410
24414
24414
24417
24416
24421
24427
24433
24437
24437
24441
24447
24454
24457
24457
24457
24464
24473
24478
24476
24479
24478
24486
24495
24498
24498
24503
24507
24515
24523
24531
24540
24543
24544
24550
24559
24563
24570
24572
24574
24580
24589
24594
24597
24597
24595
24597
24603
24605
24604
24608
24606
24615
24622
24628
24635
24637
24641
24645
24653
24661
24660
24665
24670
24679
24685
24688
24695
24694
24697
24695
24700
24702
24705
24711
24709
24713
24711
24715
24713
24721
24723
24730
24734
24739
24742
24748
24749
24748
24751
24755
24764
24762
24761
24764
24765
24771
24779
24779
24785
24786
24787
24792
24793
24793
24794
24801
24801
24799
24808
24811
24814
24814
24815
24813
24817
24818
24816
24819
24825
24824
24825
24832
24831
24839
24847
24853
24859
24866
24869
24871
24871
24880
24883
24888
24888
24888
24895
24902
24911
24909
24914
24917
24917
24926
24933
24938
24942
24940
24946
24951
24951
24959
24961
24970
24973
24972
24980
24988
24994
24993
24998
25000
25006
25005
25005
25009
25013
25021
25026
25035
25040
25041
25041
25048
25048
25057
25063
25071
25074
25082
25083
25083
25086
25089
25089
25087
25087
25095
25096
25098
25097
25095
25095
25102
25103
25104
25104
25102
25106
25107
25108
25116
25114
25118
25118
25119
25125
25123
25121
25127
25126
25134
25143
25143
25151
25156
25159
25159
25165
25165
25174
25172
25177
25176
25182
25181
25183
25186
25185
25183
25181
25184
25192
25192
25198
25204
25211
25217
25216
25221
25221
25219
25225
25234
25241
25245
25243
25248
25250
25251
25256
25263
25271
25273
25278
25285
25294
25292
25291
25300
25298
25305
25307
25306
25307
25314
25323
25324
25325
25334
25339
25343
25351
25357
25355
25355
25359
25361
25364
25366
25369
25375
25374
25376
25385
25389
25396
25400
25406
25406
25412
25419
25423
25423
25421
25427
25427
25427
25428
25434
25435
25435
25435
25443
25447
25456
25459
25466
25468
25469
25474
25476
25479
25478
25481
25489
25498
25498
25505
25503
25511
25516
25524
25526
25524
25523
25531
25540
25548
25554
25556
25564
25568
25567
25571
25571
25580
25582
25583
25586
25586
25588
25592
25593
25597
25598
25603
25609
25616
25623
25629
25636
25639
25637
25636
25634
25643
25648
25652
25651
25651
25651
25657
25656
25656
25657
25658
25658
25657
25666
25673
25679
25686
25692
25701
25707
25715
25715
25723
25721
25728
25728
25734
25739
25741
25741
25742
25742
25745
25750
25751
25752
25750
25756
25762
25760
25766
25768
25773
25775
25775
25779
25787
25790
25797
25805
25806
25814
25823
25821
25826
25832
25837
25836
25844
25843
25850
25849
25851
25858
25864
25867
25871
25879
25880
25889
25894
25894
25896
25899
25903
25908
25911
25917
25925
25923
25922
25924
25930
25931
25938
25936
25934
25933
25934
25938
25937
25939
25943
25942
25942
25948
25953
25954
25959
25962
25970
25968
25976
25983
25986
25984
25993
25991
25989
25989
25987
25989
25995
25995
25994
25999
26008
26011
26010
26016
26023
26027
26035
26034
26033
26038
26036
26040
26043
26042
26044
26043
26041
26049
26058
26067
26073
26076
26084
26083
26088
26092
26090
26092
26095
26101
26103
26101
26102
26110
26116
26124
26129
26128
26131
26139
26140
26147
26155
26159
26166
26170
26177
26178
26187
26186
26194
26197
26205
26206
26212
26214
26222
26223
26226
26231
26230
26239
26240
26244
26244
26247
26251
26254
26255
26263
26262
26265
26269
26275
26281
26283
26283
26287
26295
26303
26304
26304
26307
26314
26317
26320
26327
26331
26334
26338
26338
26339
26337
26337
26337
26342
26349
26347
26347
26345
26347
26356
26361
26368
26373
26374
26375
26373
26371
26375
26383
26386
26392
26396
26396
26404
26410
26411
26418
26424
26433
26431
26434
26434
26438
26440
26438
26443
26443
26446
26450
26456
26463
26462
26465
26464
26466
26469
26468
26469
26467
26470
26476
26475
26482
26486
26492
26499
26501
26499
26497
26501
26505
26507
26508
26513
26522
26522
26531
26530
26534
26538
26538
26538
26537
26543
26548
26555
26554
26553
26552
26560
26566
26572
26576
26574
26578
26576
26582
26591
26597
26595
26601
26604
26603
26602
26604
26606
26612
26613
26621
26624
26623
26621
26625
26633
26635
26633
26633
26633
26641
26649
26655
26664
26673
26680
26687
26692
26698
26702
26709
26714
26722
26722
26731
26735
26743
26748
26748
26749
26754
26758
26757
26758
26757
26763
26764
26765
26774
26775
26779
26782
26791
26789
26795
26799
26802
26803
26802
26811
26811
26816
26818
26819
26824
26830
26828
26827
26834
26832
26841
26839
26837
26846
26855
26861
26868
26874
26880
26879
26877
26878
26884
26886
26889
26888
26895
26893
26897
26898
26899
26900
26908
26911
26917
26923
26930
26933
26933
26932
26931
26933
26935
26941
26950
26953
26960
26962
26971
26976
26974
26983
26989
26991
26991
26995
26997
27002
27003
27010
27019
27028
27027
27035
27043
27047
27045
27051
27060
27069
27077
27079
27081
27089
27091
27094
27102
27104
27106
27112
27114
27114
27119
27122
27120
27125
27126
27126
27134
27134
27141
27139
27144
27144
27144
27153
27156
27156
27154
27152
27150
27157
27165
27169
27175
27181
27179
27180
27188
27188
27190
27191
27191
27196
27200
27199
27204
27209
27216
27223
27232
27239
27243
27247
27253
27252
27253
27255
27264
27267
27269
27274
27279
27278
27283
27284
27286
27294
27300
27303
27302
27301
27302
27311
27319
27327
27329
27335
27335
27343
27352
27350
27354
27355
27359
27360
27364
27370
27372
27378
27380
27388
27395
27398
27400
27407
27414
27415
27424
27427
27426
27434
27434
27436
27435
27441
27443
27451
27454
27459
27467
27465
27465
27463
27467
27466
27471
27479
27485
27494
27502
27505
27510
27510
27512
27520
27519
27517
27524
27522
27531
27537
27538
27542
27549
27555
27555
27559
27560
27567
27573
27578
27586
27594
27592
27592
27590
27595
27601
27602
27604
27605
27603
27603
27607
27616
27624
27629
27631
27634
27641
27647
27656
27656
27657
27661
27663
27666
27667
27676
27679
27686
27687
27694
27698
27699
27698
27702
27704
27712
27716
27725
27728
27727
27728
27731
27739
27738
27740
27748
27754
27752
27750
27748
27747
27748
27754
27759
27768
27776
27780
27789
27790
27793
27799
27807
27811
27814
27817
27826
27832
27837
27842
27842
27851
27854
27861
27868
27871
27871
27872
27879
27888
27892
27893
27895
27895
27900
27901
27910
27913
27917
27920
27919
27918
27916
27924
27930
27932
27935
27936
27938
27938
27944
27946
27950
27953
27952
27961
27961
27959
27967
27973
27977
27984
27983
27987
27986
27993
27992
27994
27996
28001
28005
28009
28010
28019
28017
28021
28019
28017
28024
28030
28032
28041
28047
28048
28052
28058
28058
28058
28062
28070
28068
28072
28071
28074
28076
28084
28089
28090
28088
28097
28105
28110
28113
28112
28121
28122
28122
28126
28125
28132
28137
28146
28155
28161
28161
28168
28167
28166
28168
28174
28179
28186
28189
28193
28197
28197
28195
28204
28207
28207
28215
28218
28217
28219
28220
28227
28235
28238
28243
28243
28248
28255
28264
28268
28272
28276
28280
28289
28293
28296
28301
28310
28319
28325
28334
28342
28348
28347
28355
28358
28358
28356
28354
28355
28360
28369
28378
28379
28379
28388
28388
28391
28394
28393
28392
28390
28388
28396
28400
28409
28407
28414
28421
28422
28424
28432
28436
28441
28448
28448
28446
28448
28451
28454
28462
28467
28473
28472
28474
28478
28476
28475
28482
28484
28483
28492
28495
28503
28509
28514
28514
28522
28528
28537
28538
28547
28550
28558
28559
28560
28564
28562
28570
28576
28583
28590
28598
28602
28600
28604
28608
28611
28612
28610
28610
28615
28613
28621
28623
28627
28632
28641
28646
28644
28648
28657
28658
28659
28661
28667
28665
28664
28667
28671
28671
28679
28678
28680
28688
28697
28695
28695
28704
28710
28711
28719
28728
28729
28731
28729
28736
28739
28747
28751
28759
28761
28766
28775
28784
28793
28791
28800
28805
28807
28808
28816
28822
28820
28823
28828
28826
28832
28833
28841
28846
28850
28853
28852
28856
28862
28871
28874
28873
28877
28883
28882
28882
28887
28892
28899
28906
28911
28912
28916
28922
28925
28931
28937
28938
28938
28946
28944
28944
28948
28950
28956
28955
28958
28957
28958
28957
28958
28965
28972
28979
28986
28988
28989
28997
28995
29004
29011
29020
29022
29026
29025
29025
29024
29032
29039
29042
29044
29044
29052
29060
29067
29067
29075
29077
29077
29075
29073
29082
29088
29086
29091
29094
29101
29101
29104
29109
29114
29115
29114
29121
29130
29139
29145
29148
29153
29162
29170
29179
29188
29189
29187
29193
29193
29191
29193
29200
29200
29203
29203
29206
29213
29214
29223
29229
29234
29237
29245
29254
29255
29258
29260
29266
29265
29270
29275
29281
29283
29281
29280
29280
29278
29282
29290
29299
29308
29307
29312
29310
29309
29308
29307
29310
29315
29314
29319
29322
29329
29337
29341
29342
29350
29352
29359
29368
29373
29371
29380
29378
29386
29385
29384
29386
29395
29403
29408
29415
29419
29417
29423
29432
29432
29430
29435
29441
29439
29445
29454
29462
29461
29466
29469
29471
29474
29476
29481
29484
29489
29495
29503
29508
29517
29522
29530
29536
29545
29543
29542
29550
29559
29567
29565
29569
29569
29577
29581
29583
29590
29597
29604
29612
29614
29613
29613
29615
29615
29622
29623
29630
29630
29636
29644
29651
29655
29664
29668
29676
29679
29682
29681
29685
29690
29691
29694
29696
29702
29701
29703
29706
29712
29711
29718
29716
29717
29721
29726
29731
29730
29737
29742
29746
29753
29751
29749
29756
29757
29759
29757
29760
29763
29768
29773
29776
29777
29776
29783
29783
29784
29784
29784
29787
29793
29799
29803
29808
29811
29816
29821
29830
29828
29829
29832
29840
29845
29852
29859
29865
29868
29877
29881
29884
29886
29888
29890
29894
29897
29900
29902
29909
29918
29916
29925
29928
29927
29932
29938
29941
29939
29937
29945
29948
29949
29951
29951
29951
29959
29967
29966
29965
29968
29969
29968
29967
29975
29979
29987
29990
29995
30001
29999
30008
30014
30017
30023
30032
30041
30042
30048
30046
30054
30062
30068
30077
30077
30084
30084
30090
30096
30101
30105
30105
30107
30112
30112
30111
30114
30119
30122
30123
30125
30127
30127
30128
30126
30131
30133
30131
30132
30141
30140
30145
30151
30160
30163
30163
30172
30179
30185
30192
30195
30195
30196
30202
30203
30204
30210
30219
30222
30225
30230
30228
30237
30244
30243
30241
30242
30247
30256
30258
30267
30267
30275
30284
30284
30285
30283
30284
30289
30289
30294
30301
30310
30314
30313
30321
30320
30319
30324
30329
30328
30337
30342
30349
30348
30352
30351
30355
30360
30365
30374
30381
30387
30392
30393
30398
30398
30406
30409
30416
30425
30427
30436
30442
30447
30447
30456
30463
30462
30466
30472
30475
30475
30476
30481
30485
30493
30498
30503
30507
30516
30514
30521
30530
30532
30539
30545
30548
30551
30552
30560
30569
30572
30575
30576
30585
30587
30585
30592
30597
30605
30611
30620
30629
30637
30641
30641
30649
30649
30653
30651
30657
30661
30667
30673
30673
30671
30678
30677
30683
30684
30684
30682
30685
30690
30693
30699
30700
30702
30708
30711
30709
30715
30718
30724
30731
30734
30739
30742
30745
30743
30749
30755
30763
30770
30778
30778
30777
30782
30791
30789
30791
30800
30806
30810
30818
30818
30825
30829
30837
30840
30838
30843
30844
30847
30849
30847
30855
30859
30860
30858
30858
30860
30869
30876
30885
30883
30884
30891
30897
30905
30910
30919
30917
30925
30934
30939
30948
30946
30945
30953
30954
30953
30961
30970
30970
30974
30977
30985
30988
30995
30995
30996
31004
31004
31011
31011
31014
31018
31026
31034
31034
31043
31042
31046
31054
31052
31060
31061
31070
31071
31073
31080
31083
31087
31093
31093
31097
31104
31105
31106
31106
31110
31119
31122
31121
31126
31129
31132
31134
31142
31148
31155
31163
31168
31176
31178
31187
31187
31187
31191
31198
31207
31209
31215
31216
31219
31225
31224
31228
31229
31230
31229
31235
31242
31245
31251
31257
31262
31260
31263
31271
31274
31277
31282
31289
31296
31296
31296
31302
31311
31317
31321
31322
31321
31327
31334
31342
31341
31342
31347
31355
31361
31364
31364
31372
31372
31370
31369
31377
31381
31385
31392
31397
31395
31398
31403
31406
31405
31409
31417
31422
31426
31433
31441
31450
31453
31453
31455
31458
31466
31469
31477
31482
31490
31488
31487
31496
31505
31505
31506
31512
31514
31521
31528
31526
31526
31532
31541
31542
31549
31547
31555
31556
31558
31556
31554
31553
31558
31561
31568
31570
31578
31585
31584
31589
31598
31607
31615
31622
31622
31627
31633
31637
31643
31643
31652
31652
31653
31658
31660
31658
31665
31665
31674
31678
31687
31692
31690
31698
31698
31703
31711
31717
31726
31726
31727
31727
31736
31744
31751
31759
31758
31756
31762
31769
31773
31779
31785
31792
31794
31798
31797
31802
31807
31816
31816
31818
31823
31822
31830
31835
31834
31837
31835
31838
31842
31840
31849
31857
31863
31872
31877
31877
31877
31884
31890
31890
31898
31897
31903
31902
31904
31910
31908
31914
31923
31929
31931
31930
31935
31936
31945
31943
31947
31951
31955
31960
31962
31966
31965
31970
31969
31974
31980
31978
31984
31989
31991
31990
31996
31995
31995
31999
32006
32009
32009
32012
32018
32016
32014
32020
32028
32037
32040
32042
32051
32049
32047
32045
32047
32053
32051
32060
32062
32069
32078
32078
32079
32081
32081
32088
32089
32093
32100
32104
32106
32113
32114
32118
32126
32128
32131
32130
32135
32141
32144
32145
32152
32151
32153
32161
32168
32175
32184
32191
32191
32190
32189
32190
32188
32197
32206
32212
32219
32223
32232
32241
32244
32242
32251
32250
32248
32246
32252
32256
32262
32263
32262
32260
32265
32269
32273
32272
32271
32278
32276
32285
32291
32297
32299
32301
32309
32308
32315
32314
32322
32326
32333
32341
32348
32353
32355
32362
32364
32364
32368
32368
32374
32376
32375
32375
32381
32381
32379
32382
32383
32391
32398
32404
32406
32413
32415
32421
32427
32436
32440
32445
32452
32461
32469
32476
32478
32481
32484
32490
32497
32502
32502
32508
32516
32524
32532
32535
32535
32542
32543
32542
32541
32547
32553
32560
32559
32559
32557
32557
32558
32564
32573
32571
32578
32583
32582
32581
32581
32583
32590
32588
32597
32600
32609
32615
32621
32621
32621
32623
32627
32628
32631
32637
32640
32646
32653
32653
32660
32662
32661
32664
32667
32674
32677
32683
32692
32701
32709
32711
32712
32720
32718
32727
32728
32727
32736
32745
32744
32751
32749
32758
32760
32769
32775
32784
32785
32785
32794
32801
32808
32806
32811
32816
32825
32830
32832
32837
32837
32841
32846
32848
32856
32864
32872
32872
32872
32873
32878
32883
32892
32890
32894
32902
32908
32910
32919
32921
32920
32924
32922
32926
32929
32929
32935
32933
32932
32940
32943
32944
32952
32955
32962
32964
32965
32964
32971
32975
32983
32990
32989
32995
32996
32999
33004
33011
33020
33027
33035
33041
33048
33057
33063
33061
33062
33062
33060
33066
33071
33074
33075
33080
33080
33080
33081
33081
33080
33086
33085
33086
33093
33092
33090
33098
33101
33107
33115
33122
33125
33124
33127
33132
33130
33137
33142
33147
33153
33162
33164
33165
33166
33173
33175
33175
33183
33182
33182
33189
33187
33190
33195
33203
33203
33208
33206
33206
33206
33212
33213
33211
33220
33219
33218
33227
33225
33232
33233
33239
33243
33249
33249
33247
33252
33260
33266
33267
33271
33280
33280
33286
33287
33285
33286
33295
33293
33294
33301
33299
33297
33298
33307
33316
33322
33322
33330
33328
33334
33338
33346
33352
33359
33367
33372
33373
33382
33384
33382
33391
33392
33391
33399
33399
33408
33411
33420
33422
33429
33435
33439
33444
33450
33457
33465
33470
33469
33473
33482
33490
33490
33493
33500
33500
33501
33500
33498
33498
33500
33500
33504
33509
33510
33514
33514
33516
33516
33525
33532
33541
33540
33545
33550
33555
33554
33553
33556
33555
33564
33568
33573
33577
33576
33582
33587
33596
33600
33605
33605
33609
33614
33621
33626
33631
33639
33638
33646
33650
33656
33656
33660
33658
33667
33675
33683
33689
33691
33692
33698
33698
33696
33705
33713
33721
33723
33732
33733
33732
33731
33729
33738
33742
33744
33745
33744
33742
33750
33756
33764
33763
33767
33765
33764
33768
33767
33772
33771
33769
33770
33774
33775
33783
33792
33792
33792
33800
33806
33805
33813
33811
33809
33816
33824
33831
33836
33840
33843
33841
33850
33856
33858
33859
33858
33861
33870
33868
33871
33869
33873
33875
33882
33882
33884
33891
33894
33903
33910
33909
33914
33915
33923
33921
33921
33927
33934
33937
33942
33948
33951
33949
33953
33953
33951
33954
33961
33967
33972
33975
33982
33989
33991
33994
33992
33991
33998
34005
34009
34015
34017
34015
34023
34029
34031
34032
34040
34039
34041
34043
34047
34050
34050
34054
34059
34065
34064
34069
34077
34079
34087
34090
34091
34089
34098
34100
34101
34103
34111
34118
34121
34123
34123
34123
34131
34140
34144
34151
34152
34155
34159
34168
34166
34169
34169
34169
34171
34176
34181
34186
34195
34197
34201
34209
34211
34219
34227
34227
34227
34235
34239
34242
34242
34249
34254
34259
34257
34265
34271
34269
34272
34273
34279
34287
34289
34297
34300
34304
34304
34304
34308
34316
34320
34325
34328
34330
34334
34340
34343
34344
34350
34355
34353
34351
34360
34359
34368
34370
34374
34374
34382
34387
34393
34395
34395
34398
34400
34402
34405
34410
34419
34423
34428
34426
34431
34430
34434
34436
34435
34444
34445
34447
34452
34450
34456
34457
34458
34464
34463
34472
34470
34475
34481
34490
34499
34504
34506
34511
34515
34516
34523
34530
34533
34535
34535
34539
34547
34553
34554
34560
34562
34571
34576
34584
34593
34600
34605
34614
34622
34622
34629
34630
34629
34627
34632
34640
34642
34645
34648
34656
34665
34672
34676
34679
34680
34684
34689
34688
34687
34696
34701
34701
34705
34708
34707
34705
34703
34712
34713
34711
34711
34719
34722
34730
34734
34736
34741
34749
34749
34758
34756
34755
34762
34771
34770
34768
34775
34783
34781
34782
34783
34788
34788
34792
34790
34798
34803
34810
34812
34821
34826
34831
34832
34838
34839
34842
34848
34848
34854
34854
34855
34860
34864
34869
34872
34870
34876
34875
34876
34876
34883
34890
34899
34907
34913
34912
34917
34916
34923
34928
34927
34932
34936
34936
34934
34934
34936
34944
34953
34951
34958
34957
34957
34955
34955
34960
34969
34970
34969
34967
34972
34975
34981
34987
34994
34992
35001
35000
35007
35010
35017
35023
35028
35027
35033
35038
35036
35035
35039
35037
35041
35042
35042
35048
35050
35049
35047
35053
35059
35067
35075
35080
35089
35091
35095
35100
35100
35105
35112
35114
35112
35110
35119
35118
35122
35121
35119
35124
35125
35123
35128
35128
35127
35129
35127
35125
35126
35129
35129
35138
35141
35146
35144
35153
35159
35159
35162
35171
35176
35179
35177
35182
35186
35185
35183
35185
35188
35195
35197
35206
35211
35219
35217
35224
35225
35233
35238
35245
35248
35255
35259
35266
35269
35267
35274
35273
35280
35284
35286
35294
35297
35297
35300
35298
35304
35311
35319
35318
35325
35326
35329
35327
35333
35335
35340
35348
35351
35352
35350
35359
35362
35362
35367
35370
35372
35374
35379
35379
35380
35388
35387
35396
35397
35406
35408
35412
35417
35416
35417
35425
35431
35429
35438
35441
35448
35454
35458
35460
35461
35470
35479
35477
35484
35492
35496
35504
35505
35503
35504
35504
35513
35521
35526
35532
35536
35537
35541
35545
35554
35556
35560
35569
35577
35575
